anxiety': [1, 0.8625914, 634.1181030273438],
 'fearfulness': [0, 0.9454339, 516.282958984375],
 'dread': [0, 0.8693278, 809.8289794921875],
 'panic': [0, 0.8832906, 892.9817504882812],
 'terror': [1, 0.82516044, 767.4732055664062],
 'fright': [0, 0.9139375, 1179.5101318359375],
 'worry': [0, 0.85964537, 1105.3443603515625],
 'horror': [1, 0.8457009, 746.253662109375],
 'trepidation': [0, 0.79699194, 258.8609619140625],
 'scare': [0, 0.8923012, 2179.865478515625],
 'concern': [0, 0.81579876, 878.74169921875],
 'dismay': [0, 0.7816667, 1188.9091796875],
 'alarm': [0, 0.812711, 897.5426635742188],
 'phobia': [0, 0.8399811, 519.9569702148438],
 'nervousness': [0, 0.79519683, 411.4004211425781],
 'alarum': [0, 0.6569837, 486.9176940917969],
 'pang': [0, 0.73688644, 1217.0684814453125],
 'apprehension': [0, 0.85249764, 1000.10546875],
 'agitation': [0, 0.73194253, 1561.6295166015625],
 'creeps': [0, 0.805501, 1511.4620361328125],
 'jitters': [0, 0.7697735, 641.5527954101562],
 'consternation': [0, 0.76796937, 207.851318359375],
 'twinge': [0, 0.6304491, 1127.3033447265625],
 'timidity': [0, 0.68990695, 680.6004638671875],
 'perturbation': [0, 0.7674682, 318.1277770996094],
 'cowardice': [0, 0.76769495, 610.391845703125],
 'disquiet': [0, 0.7225644, 483.2662353515625],
 'qualm': [0, 0.6888048, 787.2356567382812],
 'funk': [0, 0.67917275, 1931.87451171875],
 'willies': [0, 0.5953932, 598.072509765625],
 'discomposure': [0, 0.6647154, 500.04510498046875],
 'faintheartedness': [0, 0.7259047, 226.02642822265625],
 'timorousness': [0, 0.69683385, 539.259521484375],
 'fret': [0, 0.7400806, 2684.6396484375],
 'trouble': [0, 0.7776468, 1202.142578125],
 'stress': [0, 0.78473, 1114.6751708984375],
 'sweat': [0, 0.6984569, 1200.0631103515625],
 'bother': [0, 0.7914656, 3109.431884765625],
 'care a hang': [0, 0.71530867, 2984.823974609375],
 'stew': [0, 0.6665523, 1431.6077880859375],
 'fuss': [0, 0.73115057, 2290.435791015625],
 'sweat blood': [0, 0.66647404, 957.10498046875],
 'despair': [1, 0.80078405, 788.5979614257812],
 'give a hang': [0, 0.7096422, 1161.436767578125],
 'long': [0, 0.6564224, 1619.5885009765625],
 'pine': [0, 0.5791781, 2603.9150390625],
 'agonize': [0, 0.7207689, 935.906005859375],
 'yearn': [0, 0.6497423, 831.4635620117188],
 'chafe': [0, 0.64670086, 839.9650268554688]}